375151099500046
370142034777745
370659417351413
376918562018556
373975065233274
347489907696967
378626575095286
346677727290714
346518442185728
346104297770997
371334989859794
349444936016579
379333016440710
371599966085089
349523224773294
346619856876454
348748983223628
343080988170687
344894335239894
376133655730537
375985456924741
347207173273347
374405829007124
347672358159723
377171700811782
341753375257178
377257706807061
377303604938993
342520411395232
349855442283360
371239522736361
374606956608104
371007691017365
378422391960480
376275695488499
344896160339690
342703193462987
373624346279652
348312254585308
340062820252764
379640141869514
341909473890380
346110937221056
342035889224253
341043120659011
340192870546788
378118574059755
346106683092193
341847870472828
377612815598102
376501147055142
374684217615673
340498824315248
378839564218846
349054223708096
343034120184167
372889752628209
349927181336462
378876809768014
342160434655439
344223035884724
372473431984054
379880964616470
343774252649070
374065009488488
376487880976176
342454899292293
341457483346530
373125161456723
346161316116056
345993862663426
342565665828906
345316900479483
377833915490939
349524832155329
376941886684787
375480914961923
371447234606623
349206624158648
343724561924089
371508856511141
343691730369522
371849535942124
374074534800742
343903712466244
379115328483805
349236526343947
371564688110950
376140713680619
343575231851923
349786371129262
379221860274013
343800880166279
341498340927859
378231171733948
346950713048536
374020322493972
341283528594135
375615529570151
349347576777914
374793266448623
344552472869314
349782790428483
340311438516332
344894557508517
342782080801161
374654925184318
348419731798689
343081086777684
349268908631295
375361126208076
342700587293531
377198262392060
378535432869664
376283974675047
344162139678203
349614929608168
349810035324205
345849041785430
376435102107177
375580392913702
379376644148839
344098325373575
342143197752870
374164212721277
341479801131742
341760254244111
377131566510641
374354625014551
349416105347045
371667646909240
378901482837229
341057558147644
375083501193626
349104885570076
345063325680839
374318739742285
349130867446620
347007050375495
342191415197373
347943671223084
370932419059604
347292579736538
373021428249491
379138367881306
378244322937940
374143903326320
377597587167091
374090034958425
377113175902392
379969813819793
344991786181905
376879573539749
343699144781244
348460853681688
348209691719712
346740920631333
371889084843623
347658452276166
370887547619794
379454254816544
370031465398869
342735738763045
340528661942863
376653652284407
348213656697506
343362286670568
347869868750574
340799189805293
379124023269469
348559571632533
375790088290030
341310905625792
374383626494080
371173383765804
378386406747660
374933516725687
344101388814622
379152710361536
370365800460554
378325529045955
372420795707328
342840116544553
347455114877909
343660768469923
342590730225207
341313865719889
348650836802069
378737651014385
374145691492890
349299630654218
342096376237818
378636173986433
344097887430474
348751416430241
375213812373767
377682085924828
349465990226293
347172816117337
344062307897366