2567641272423546
2227066326992244
2719687245556542
2579480609300446
2361398840201056
2613569172070445
2704424382423408
5481867680271425
5341317335728456
2226853690047688
2704190888994975
2720510910708629
2710906339050498
2281366078840146
2507035171372220
2720242455156320
2224209288613015
2700178380195887
2296334602309829
2704045786373790
2720931614249921
2222964622062789
2720775777566468
2244461096740854
5332189115947171
5187181040345049
2551049950344454
2221185437131943
2222998238491341
5138075594585217
2702645517497509
5243452744792134
2271674177351907
2228797594961564
2708966785650228
2222094659472639
2720458396322872
2281539911148839
5376873707605640
2720317416715144
2712899982118838
5220304184613259
2720817742749823
5213818355470119
5191802075309596
2720390028950963
2720728417182376
2707531453112356
2720171762975093
2226063969466115
2302528596489375
2720075153021613
2228659732215897
5199394120582727
2221462404268033
2705838741544063
2341318330895139
2227351326981019
2702136027788273
2254861508486996
5411436068022488
2227116063323808
2222207949877026
5555536431794422
2709453645260432
5106080040907798
2613541403041201
2719116163791788
5220111735017856
2225714926323332
2715440964001777
2546415586421963
2663538049640667
5595004749455531
2709469318990378
2717416335990269
2691849976742356
2673517453166349
2720222088792791
2222695814964226
2228490220931400
2229547752278945
2246479887483970
5519434287831229
2227381473934880
2251058263813241
2229821031982522
5545355567242348
2315865712116781
5147235052611029
5429092699139365
5299926292916805
2463096080804843
2700643874684690
2225307363266485
2225441053679939
5393839201614521
5377809511284219
2222863163855963
5458893157285481
2709050309910390
2274059318565419
2712960612643398
5233180396676394
2720345685315721
2720094567078088
2478841802335685
2229968394195688
2222113971472815
2669123770580836
5134948662992734
2229526799719038
5518077108701171
2700495039469408
2296210984239237
2280727923364877
2225087658161343
2720411947344139
2720758498558843
2375356265838868
2225559108871927
2720248941476373
2224845628262334
2713200755560011
2227363984916749
5191100706409671
2712258107207089
5404824053090673
2710913843647580
2287686170195442
2704158296455330
2720679143165133
2717403127250128
2294257679757116
2700809841683400
5528687002899104
2222221251283529
2225152242895586
2720306887706071
2714734220165279
2720371238416936
5584820467484932
5544283650509871
2577160969351817
2228522411681776
2712657856071703
5423248636103806
5507694845484119
2243633702829039
2225966323047625
2700058592561432
2714422722476262
2584643830101189
2239548676345588
2488304219483290
2718019936227933
2228138073590507
2296498160099139
2274423871480398
2720333701226559
5566466043862205
2714328163177766
2306332920181966
2225903088957062
2707320538089867
2477179952692553
2711972642589552
2225540837703965
2261160646916854
2252551440819853
2223241487168750
2707524593385692
2351309105953777
2717376309320424
2476011895502883
2286721092277582
2226861462568724
2720438011977835
2720040344207557
5242042439719619
2720224753524879
2720768171308280
2720196430494011
2720100706015460
2282670297237509
2254678408441556
2542188199508874
2720988444922356
2228767265549906
2703575369785015
2224937408282207
5579556105810988
2702766473038025
2708909273384277
2224260447173021
2720804314235054
2605636506877359
2229201661085018
2244877690829649
2509715177536197