4434603387517521
4593664728104
4964303551410932
4449818461937255
4553777594964
4088222581309676
4841878596609297
4945937725057280
4933167525355
4421700652556
4479016254305944
4990794969818536
4620921737035
4463217609935875
4109610133049
4438305756988
4002754511933
4078934822887
4362757923357
4149368918745
4617271708002
4953025629279
4288849783469211
4985519523891758
4659761371648
4937960610431
4972466042252023
4469118763221705
4699786142166080
4288302407471
4669611175262
4103474374330744
4426244559028
4901833633695545
4805976580477769
4074433841287532
4016641109427
4455362047206956
4988256146467544
4678944486238
4744301892309027
4433847456689662
4084984553600
4028595457540421
4123820675179669
4325367805063
4869282100525000
4086671976990
4773857463088560
4078712324323419
4315859752889
4662292180282
4042047108049
4650899886853152
4266816963546
4958839796432
4451458199071
4912384039504494
4773662844719805
4553845557174851
4038008990646607
4894431882815
4852527535033785
4808193690202262
4362565237117
4909363889936903
4737902400564
4280622566688840
4452001289117696
4095578231940933
4039843423847468
4518523051596782
4968749878110
4095044579672359
4623768668562
4461256758513339
4785822934795
4950893893705899
4416485340946
4230613660012
4186485383236713
4922166221860
4007083439667773
4372727639675
4292165284417130
4816543727678885
4214956907477
4342292160991
4524688959999917
4817712216154820
4527896631664574
4663968447411595
4310063241420
4125043432317
4389596203655
4070055878842090
4217795089990870
4646362222898979
4066456101992332
4934838157711237
4968645622128609
4640543931841905
4281261927986
4428532785512331
4314844552079
4515891080526
4485273378909
4103345491114391
4530808963620388
4947712450884904
4176897728061931
4336296787359
4718722432608360
4063590633977926
4996305571346285
4426759095428
4958169168619821
4734876037636623
4323783714692558
4484178097317
4275868007285804
4242319434224094
4564379180885
4705784953118
4594740343129491
4768942034947517
4488564452136
4187572647395355
4700033388215
4169929184401774
4847496557604
4976059748835
4438209002819
4372995797078
4645662239053831
4963267110126618
4798024049748193
4484811016566
4679028774124867
4119835059683270
4703303132866
4617805849152
4928614176050839
4091084814099
4946489019282
4420436618703820
4369482865523
4833330754937796
4957852646259
4461372369430
4239518076061
4336434667168
4894023028681656
4900200518976
4441652016686620
4104096152239138
4834390043596866
4211662503279
4511500517659
4601739830875669
4220388818731668
4423778176977828
4861428108499
4474631867715
4709389650922115
4060324299186355
4485620358963
4529538817071
4405427291269
4061891827342
4956118153078
4861266100983
4433772941201
4235373707981525
4249944113505
4034960318385
4946722763977306
4615559848651941
4813656928156
4594393727969725
4611780840263326
4848995886698
4683516305714493
4109961448640
4414404796503
4375392175187477
4252398602215755
4812750460864601
4610135702312
4560861872483
4950355800731315
4300239981555
4003756915367
4107984179219150
4675779676218121
4100227342507
4999948037795716
4258822524888498
4975879427545305
4312253491798401